# The power spectrum definition is smaller than CAMB by a factor 8 pi^3.
#      k [h/Mpc]           P_cdm          P_vcdm           P_bar          P_vbar         P_total        P_vtotal
     1.14715e-05      0.00056602     0.000153232      0.00056602     0.000153232      0.00056602     0.000153232
     1.21145e-05     0.000596693     0.000161536     0.000596693     0.000161536     0.000596694     0.000161536
     1.27935e-05     0.000629029      0.00017029     0.000629029      0.00017029      0.00062903      0.00017029
     1.35106e-05     0.000663117     0.000179518     0.000663117     0.000179518     0.000663118     0.000179518
     1.42679e-05     0.000699053     0.000189247     0.000699053     0.000189247     0.000699053     0.000189247
     1.50676e-05     0.000736935     0.000199502     0.000736935     0.000199502     0.000736936     0.000199502
     1.59122e-05     0.000776871     0.000210313     0.000776871     0.000210313     0.000776872     0.000210313
     1.68041e-05     0.000818971     0.000221711     0.000818971     0.000221711     0.000818972     0.000221711
      1.7746e-05     0.000863352     0.000233725     0.000863352     0.000233725     0.000863353     0.000233725
     1.87406e-05     0.000910138     0.000246391     0.000910138     0.000246391     0.000910139     0.000246391
     1.97911e-05      0.00095946     0.000259744     0.000959459     0.000259743     0.000959461     0.000259744
     2.09004e-05      0.00101145     0.000273819      0.00101145     0.000273819      0.00101145     0.000273819
     2.20719e-05      0.00106627     0.000288658      0.00106626     0.000288658      0.00106627     0.000288658
      2.3309e-05      0.00112405       0.0003043      0.00112405       0.0003043      0.00112405       0.0003043
     2.46155e-05      0.00118496     0.000320791      0.00118496      0.00032079      0.00118496     0.000320791
     2.59952e-05      0.00124917     0.000338174      0.00124917     0.000338174      0.00124917     0.000338174
     2.74523e-05      0.00131687       0.0003565      0.00131687       0.0003565      0.00131687       0.0003565
      2.8991e-05      0.00138823     0.000375819      0.00138823     0.000375819      0.00138823     0.000375819
      3.0616e-05      0.00146345     0.000396184      0.00146345     0.000396184      0.00146346     0.000396184
      3.2332e-05      0.00154276     0.000417653      0.00154276     0.000417653      0.00154276     0.000417653
     3.41442e-05      0.00162636     0.000440285      0.00162636     0.000440285      0.00162636     0.000440285
     3.60581e-05      0.00171449     0.000464144      0.00171449     0.000464144      0.00171449     0.000464144
     3.80791e-05       0.0018074     0.000489295      0.00180739     0.000489295       0.0018074     0.000489295
     4.02135e-05      0.00190533     0.000515809      0.00190533     0.000515809      0.00190534     0.000515809
     4.24675e-05      0.00200858     0.000543759      0.00200858     0.000543759      0.00200858     0.000543759
     4.48478e-05      0.00211742     0.000573224      0.00211742     0.000573223      0.00211742     0.000573224
     4.73616e-05      0.00223215     0.000604285      0.00223215     0.000604284      0.00223215     0.000604285
     5.00163e-05       0.0023531     0.000637028       0.0023531     0.000637028       0.0023531     0.000637028
     5.28197e-05      0.00248061     0.000671545       0.0024806     0.000671545      0.00248061     0.000671545
     5.57803e-05      0.00261502     0.000707932      0.00261501     0.000707932      0.00261502     0.000707932
     5.89068e-05      0.00275671      0.00074629       0.0027567     0.000746289      0.00275671      0.00074629
     6.22086e-05      0.00290607     0.000786726      0.00290606     0.000786725      0.00290607     0.000786725
     6.56954e-05      0.00306352     0.000829351      0.00306352      0.00082935      0.00306352     0.000829351
     6.93777e-05       0.0032295     0.000874285       0.0032295     0.000874283       0.0032295     0.000874284
     7.32664e-05      0.00340447     0.000921652      0.00340446      0.00092165      0.00340447     0.000921651
      7.7373e-05      0.00358892     0.000971583       0.0035889     0.000971581      0.00358891     0.000971583
     8.17098e-05      0.00378334      0.00102422      0.00378333      0.00102422      0.00378334      0.00102422
     8.62897e-05       0.0039883       0.0010797      0.00398828       0.0010797       0.0039883       0.0010797
     9.11264e-05      0.00420435      0.00113819      0.00420433      0.00113819      0.00420434      0.00113819
     9.62341e-05      0.00443209      0.00119984      0.00443207      0.00119984      0.00443208      0.00119984
     0.000101628      0.00467215      0.00126483      0.00467213      0.00126483      0.00467215      0.00126483
     0.000107324      0.00492521      0.00133334      0.00492518      0.00133333       0.0049252      0.00133334
      0.00011334      0.00519195      0.00140555      0.00519192      0.00140554      0.00519194      0.00140555
     0.000119693      0.00547312      0.00148167      0.00547308      0.00148166      0.00547311      0.00148166
     0.000126402       0.0057695       0.0015619      0.00576945      0.00156189      0.00576948       0.0015619
     0.000133487      0.00608189      0.00164647      0.00608183      0.00164646      0.00608187      0.00164647
     0.000140969      0.00641117      0.00173561       0.0064111      0.00173559      0.00641115       0.0017356
      0.00014887      0.00675824      0.00182956      0.00675816      0.00182955      0.00675821      0.00182956
     0.000157214      0.00712405      0.00192859      0.00712396      0.00192857      0.00712402      0.00192859
     0.000166026      0.00750962      0.00203296       0.0075095      0.00203295      0.00750957      0.00203296
     0.000175332      0.00791599      0.00214297      0.00791585      0.00214295      0.00791593      0.00214297
      0.00018516      0.00834427      0.00225891      0.00834412      0.00225889      0.00834421      0.00225891
     0.000195538      0.00879565       0.0023811      0.00879547      0.00238107      0.00879558       0.0023811
     0.000206498      0.00927135      0.00250987      0.00927114      0.00250984      0.00927126      0.00250987
     0.000218072      0.00977266      0.00264558      0.00977241      0.00264554      0.00977256      0.00264557
     0.000230296       0.0103009      0.00278858       0.0103007      0.00278854       0.0103008      0.00278857
     0.000243204       0.0108576      0.00293927       0.0108573      0.00293922       0.0108575      0.00293927
     0.000256836       0.0114442      0.00309806       0.0114438        0.003098        0.011444      0.00309805
     0.000271231       0.0120623      0.00326536       0.0120618      0.00326529       0.0120621      0.00326535
     0.000286434       0.0127135      0.00344163        0.012713      0.00344155       0.0127133      0.00344162
     0.000302489       0.0133996      0.00362734       0.0133989      0.00362724       0.0133993      0.00362732
     0.000319444       0.0141223      0.00382297       0.0141216      0.00382286        0.014122      0.00382296
     0.000337349       0.0148837      0.00402905       0.0148828      0.00402892       0.0148833      0.00402903
     0.000356258       0.0156856      0.00424611       0.0156846      0.00424596       0.0156852      0.00424608
     0.000376226       0.0165303      0.00447472       0.0165291      0.00447454       0.0165297      0.00447469
     0.000397314       0.0174197      0.00471546       0.0174184      0.00471526       0.0174191      0.00471543
     0.000419584       0.0183564      0.00496896       0.0183548      0.00496873       0.0183556      0.00496893
     0.000443102       0.0193426      0.00523587       0.0193408       0.0052356       0.0193417      0.00523583
     0.000467938       0.0203809      0.00551685       0.0203788      0.00551654       0.0203798       0.0055168
     0.000494166       0.0214737       0.0058126       0.0214713      0.00581226       0.0214725      0.00581255
     0.000521865        0.022624      0.00612387       0.0226212      0.00612347       0.0226226       0.0061238
     0.000551115       0.0238344       0.0064514       0.0238312      0.00645096       0.0238327      0.00645133
     0.000582006       0.0251079        0.006796       0.0251042      0.00679549        0.025106      0.00679592
     0.000614628       0.0264476      0.00715848       0.0264434      0.00715791       0.0264454      0.00715839
     0.000649078       0.0278566       0.0075397       0.0278518      0.00753906        0.027854       0.0075396
     0.000685459       0.0293382      0.00794054       0.0293327      0.00793983       0.0293352      0.00794043
      0.00072388       0.0308958      0.00836192       0.0308896      0.00836113       0.0308923       0.0083618
     0.000764454       0.0325329      0.00880479       0.0325259      0.00880391       0.0325288      0.00880465
     0.000807302       0.0342531      0.00927012       0.0342452      0.00926914       0.0342484      0.00926996
     0.000852552       0.0360601      0.00975891       0.0360513      0.00975784       0.0360546      0.00975874
     0.000900339       0.0379578       0.0102722        0.037948        0.010271       0.0379515        0.010272
     0.000950803       0.0399501       0.0108111       0.0399392       0.0108098       0.0399427       0.0108109
       0.0010041       0.0420409       0.0113765       0.0420288       0.0113751       0.0420324       0.0113763
      0.00106038       0.0442343       0.0119698        0.044221       0.0119682       0.0442246       0.0119695
      0.00111981       0.0465344       0.0125918       0.0465199       0.0125902       0.0465232       0.0125916
      0.00118258       0.0489455       0.0132438       0.0489296       0.0132421       0.0489326       0.0132436
      0.00124886       0.0514715        0.013927       0.0514544       0.0139251       0.0514568       0.0139267
      0.00131886       0.0541169       0.0146423       0.0540984       0.0146403          0.0541        0.014642
      0.00139279       0.0568856        0.015391       0.0568657       0.0153889       0.0568662       0.0153906
      0.00147085       0.0597817       0.0161741       0.0597606       0.0161719       0.0597597       0.0161737
      0.00155329       0.0628094       0.0169927        0.062787       0.0169904       0.0627843       0.0169923
      0.00164036       0.0659725       0.0178479       0.0659488       0.0178455       0.0659439       0.0178475
       0.0017323       0.0692748       0.0187406       0.0692498       0.0187381       0.0692422       0.0187402
       0.0018294       0.0727197       0.0196719       0.0726934       0.0196692       0.0726827       0.0196715
      0.00193194       0.0763107       0.0206425        0.076283       0.0206398       0.0762687       0.0206421
      0.00204022       0.0800506       0.0216534       0.0800216       0.0216505       0.0800031       0.0216529
      0.00215458       0.0839422       0.0227051       0.0839116       0.0227021       0.0838884       0.0227046
      0.00227535       0.0879878       0.0237983       0.0879554       0.0237952        0.087927       0.0237979
      0.00240288       0.0921891       0.0249336       0.0921547       0.0249303       0.0921206       0.0249331
      0.00253756       0.0965473       0.0261111       0.0965106       0.0261077       0.0964703       0.0261106
       0.0026798        0.101063       0.0273312        0.101024       0.0273276        0.100977       0.0273306
         0.00283        0.105737       0.0285937        0.105695       0.0285899         0.10564       0.0285931
      0.00298863        0.110568       0.0298985        0.110522       0.0298946        0.110459       0.0298979
      0.00315614        0.115554       0.0312452        0.115504        0.031241        0.115433       0.0312445
      0.00333304        0.120693       0.0326331        0.120639       0.0326287        0.120559       0.0326324
      0.00351986        0.125982       0.0340612        0.125924       0.0340567        0.125833       0.0340605
      0.00371716        0.131417       0.0355284        0.131353       0.0355237        0.131251       0.0355277
      0.00392551         0.13699       0.0370331        0.136922       0.0370281        0.136806       0.0370323
      0.00414553        0.142696       0.0385733        0.142622       0.0385681        0.142493       0.0385724
      0.00437789        0.148526       0.0401466        0.148445       0.0401412        0.148302       0.0401458
      0.00462328         0.15447       0.0417505        0.154381       0.0417448        0.154223       0.0417496
      0.00488242        0.160515       0.0433816        0.160419       0.0433758        0.160244       0.0433807
      0.00515608         0.16665       0.0450365        0.166543       0.0450303        0.166352       0.0450355
      0.00544508        0.172857       0.0467106         0.17274       0.0467041        0.172531       0.0467095
      0.00575028         0.17912       0.0483993         0.17899       0.0483926        0.178763       0.0483983
      0.00607259        0.185422       0.0500981        0.185279       0.0500911        0.185032        0.050097
      0.00641296         0.19174       0.0518007        0.191582       0.0517934        0.191313       0.0517995
      0.00677242        0.198044        0.053499        0.197869       0.0534915        0.197578       0.0534978
      0.00715202        0.204305       0.0551854         0.20411       0.0551775        0.203799       0.0551841
      0.00755289        0.210494       0.0568519        0.210278       0.0568437        0.209945       0.0568506
      0.00797624        0.216582       0.0584903         0.21634       0.0584819        0.215987        0.058489
      0.00842331        0.222534       0.0600918        0.222265        0.060083        0.221891       0.0600904
      0.00889544        0.228312       0.0616457        0.228011       0.0616366        0.227619       0.0616443
      0.00939404        0.233873       0.0631408        0.233538       0.0631313        0.233129       0.0631393
      0.00992058        0.239174       0.0645648        0.238798       0.0645549        0.238376       0.0645632
       0.0104766        0.244165       0.0659047        0.243745       0.0658945        0.243311       0.0659031
       0.0110639        0.248796       0.0671469        0.248327       0.0671363        0.247884       0.0671452
        0.011684        0.253015       0.0682773        0.252491       0.0682663        0.252044       0.0682755
       0.0123389        0.256767       0.0692811        0.256183       0.0692697        0.255736       0.0692793
       0.0130305        0.259995       0.0701429        0.259343       0.0701311        0.258903        0.070141
       0.0137609         0.26264       0.0708469        0.261913       0.0708347        0.261487        0.070845
       0.0145322        0.264643       0.0713772        0.263835       0.0713647         0.26343       0.0713752
       0.0153467        0.265946       0.0717184         0.26505       0.0717054        0.264673       0.0717163
       0.0162069        0.266493       0.0718551        0.265501       0.0718417        0.265162        0.071853
       0.0171153         0.26623       0.0717733        0.265136       0.0717594        0.264844       0.0717711
       0.0180747        0.265112       0.0714602        0.263908        0.071446        0.263672        0.071458
       0.0190878        0.263098       0.0709055        0.261779       0.0708909        0.261609       0.0709032
       0.0201576        0.260158       0.0701013        0.258721       0.0700862        0.258625       0.0700989
       0.0212875        0.256279       0.0690435        0.254719       0.0690281        0.254706        0.069041
       0.0224807        0.251458       0.0677321        0.249774       0.0677164        0.249853       0.0677296
       0.0237407        0.245716       0.0661728         0.24391       0.0661569        0.244085       0.0661703
       0.0250714        0.239093       0.0643767         0.23717       0.0643605        0.237444       0.0643742
       0.0264767        0.231657       0.0623621        0.229624       0.0623458        0.229999       0.0623595
       0.0279607        0.223499       0.0601537        0.221367       0.0601373         0.22184       0.0601511
        0.029528        0.214738       0.0577838        0.212523       0.0577674        0.213086       0.0577812
        0.031183        0.205517       0.0552915        0.203238       0.0552752        0.203882       0.0552889
       0.0329309        0.196003       0.0527217        0.193684       0.0527057        0.194394       0.0527192
       0.0347767        0.186379       0.0501238        0.184046       0.0501082        0.184804       0.0501213
       0.0367259        0.176831       0.0475482        0.174513       0.0475331        0.175297       0.0475458
       0.0387844        0.167567       0.0450507        0.165295       0.0450363         0.16608       0.0450485
       0.0409583        0.158768       0.0426803        0.156573       0.0426666        0.157332       0.0426781
       0.0432541        0.150543       0.0404664        0.148457       0.0404536        0.149163       0.0404644
       0.0456785        0.143006       0.0384394        0.141057       0.0384275        0.141684       0.0384375
       0.0482388        0.136332       0.0366462        0.134543       0.0366353        0.135067       0.0366445
       0.0509426         0.13052        0.035086        0.128909       0.0350762        0.129311       0.0350845
        0.053798        0.125374       0.0337062        0.123953       0.0336975        0.124219       0.0337048
       0.0568134        0.120713       0.0324572        0.119483       0.0324494        0.119611        0.032456
       0.0599979        0.116349        0.031288        0.115299       0.0312811        0.115297       0.0312869
       0.0633608        0.112051       0.0301356        0.111157       0.0301295        0.111046       0.0301347
       0.0669122        0.107495       0.0289124        0.106721       0.0289069        0.106534       0.0289116
       0.0706627        0.102315       0.0275195        0.101615       0.0275144        0.101398       0.0275187
       0.0746234       0.0962599       0.0258894       0.0955873       0.0258843       0.0953874       0.0258886
       0.0788061       0.0893304       0.0240221        0.088643        0.024017       0.0885039       0.0240213
       0.0832233       0.0818038       0.0219932       0.0810756        0.021988       0.0810256       0.0219924
        0.087888       0.0741433       0.0199282       0.0733702        0.019923       0.0734152       0.0199274
       0.0928142        0.066852       0.0179636       0.0660532       0.0179585       0.0661752       0.0179628
       0.0980165       0.0604193       0.0162318       0.0596312       0.0162269       0.0597936        0.016231
         0.10351        0.055241       0.0148396       0.0545063       0.0148351       0.0546635       0.0148389
        0.109312       0.0514455       0.0138213       0.0508015       0.0138174       0.0509113       0.0138207
        0.115439       0.0487385        0.013097       0.0482067       0.0130937       0.0482423       0.0130965
         0.12191       0.0464787        0.012493       0.0460558       0.0124903       0.0460166       0.0124926
        0.128743       0.0439492       0.0118152       0.0436046       0.0118128        0.043519       0.0118148
        0.135959       0.0406795       0.0109362       0.0403656        0.010934       0.0402804       0.0109358
         0.14358       0.0366797      0.00985901       0.0363559      0.00985678       0.0363121      0.00985866
        0.151627       0.0324318      0.00871459       0.0320865      0.00871234       0.0320962      0.00871424
        0.160126       0.0287027      0.00771073       0.0283562      0.00770857       0.0283984      0.00771039
        0.169101       0.0260499      0.00699798       0.0257359      0.00699604       0.0257729      0.00699767
         0.17858       0.0243124      0.00653262       0.0240545      0.00653098       0.0240587      0.00653236
        0.188589       0.0228651      0.00614523       0.0226599      0.00614386       0.0226318      0.00614501
         0.19916       0.0210325      0.00565297        0.020852      0.00565174       0.0208186      0.00565278
        0.210323       0.0187117      0.00502828       0.0185302      0.00502708       0.0185178      0.00502809
        0.222112       0.0164706      0.00442506       0.0162883       0.0044239        0.016296      0.00442488
        0.234561       0.0148274      0.00398352       0.0146629      0.00398249       0.0146698      0.00398336
        0.247708       0.0137045      0.00368253        0.013569      0.00368165       0.0135613      0.00368239
        0.261593       0.0125627      0.00337601       0.0124465      0.00337524       0.0124324      0.00337589
        0.276255       0.0111841      0.00300518       0.0110727      0.00300445       0.0110667      0.00300506
        0.291739      0.00990412      0.00266094      0.00979842      0.00266026       0.0097989      0.00266083
        0.308092      0.00897336      0.00241104      0.00888183      0.00241045      0.00887858      0.00241094
         0.32536      0.00815775      0.00219206      0.00807888      0.00219154      0.00807217      0.00219198
        0.343597      0.00726545      0.00195216      0.00719224      0.00195168      0.00718868      0.00195208
        0.362856      0.00647068      0.00173854      0.00640391      0.00173811      0.00640199      0.00173847
        0.383194      0.00583568      0.00156801      0.00577766      0.00156764      0.00577403      0.00156795
        0.404673      0.00521794      0.00140201      0.00516577      0.00140167      0.00516272      0.00140196
        0.427355      0.00464261      0.00124739      0.00459538      0.00124708      0.00459332      0.00124734
        0.451309      0.00415789      0.00111718      0.00411631      0.00111691      0.00411383      0.00111714
        0.476605       0.0037044     0.000995319      0.00366713     0.000995077      0.00366509     0.000995281
        0.503319      0.00329828     0.000886196      0.00326504      0.00088598      0.00326325     0.000886162
         0.53153      0.00293909     0.000789692      0.00290961     0.000789501      0.00290788     0.000789662
        0.561323      0.00261177     0.000701738      0.00258547     0.000701568        0.002584     0.000701711
        0.592786      0.00232216     0.000623926      0.00229884     0.000623775      0.00229747     0.000623902
        0.626012      0.00206109      0.00055378      0.00204036     0.000553645      0.00203917     0.000553758
          0.6611      0.00182898     0.000491416      0.00181061     0.000491297      0.00180952     0.000491397
        0.698155      0.00162117      0.00043558      0.00160488     0.000435475      0.00160392     0.000435564
        0.737288      0.00143618     0.000385875      0.00142175     0.000385781      0.00142089      0.00038586
        0.778613      0.00127125     0.000341561      0.00125848     0.000341478      0.00125771     0.000341548
        0.822255      0.00112446     0.000302122      0.00111317     0.000302049      0.00111248      0.00030211
        0.868343     0.000993922     0.000267048     0.000983941     0.000266984     0.000983335     0.000267038
        0.917014     0.000877929     0.000235883     0.000869113     0.000235826     0.000868575     0.000235874
        0.968414     0.000774968     0.000208219     0.000767187     0.000208169      0.00076671     0.000208211
         1.02269     0.000683642     0.000183682     0.000676778     0.000183637     0.000676356     0.000183675
         1.08002     0.000602682     0.000161929     0.000596632      0.00016189     0.000596259     0.000161923
         1.14055     0.000530978     0.000142664     0.000525648     0.000142629     0.000525318     0.000142658
         1.20448     0.000467538     0.000125618     0.000462845     0.000125588     0.000462553     0.000125613
         1.27199     0.000411434     0.000110544     0.000407304     0.000110517     0.000407047      0.00011054
         1.34329     0.000361849     9.72218e-05     0.000358218     9.71983e-05     0.000357991     9.72181e-05
         1.41858     0.000318066     8.54581e-05     0.000314874     8.54374e-05     0.000314674     8.54548e-05
          1.4981     0.000279427     7.50766e-05     0.000276624     7.50585e-05     0.000276447     7.50737e-05
         1.58206     0.000245352     6.59213e-05     0.000242891     6.59054e-05     0.000242735     6.59188e-05
         1.67074     0.000215322     5.78528e-05     0.000213162     5.78389e-05     0.000213026     5.78506e-05
         1.76439     0.000188872     5.07461e-05     0.000186977     5.07339e-05     0.000186857     5.07442e-05
         1.86328     0.000165588     4.44902e-05     0.000163927     4.44795e-05     0.000163822     4.44885e-05
         1.96772     0.000145105     3.89867e-05     0.000143649     3.89774e-05     0.000143557     3.89852e-05
         2.07801     0.000127096     3.41481e-05     0.000125821     3.41399e-05      0.00012574     3.41468e-05
         2.19449     0.000111271     2.98963e-05     0.000110155     2.98892e-05     0.000110084     2.98952e-05
         2.31749     9.73726e-05     2.61621e-05     9.63963e-05     2.61558e-05     9.63339e-05     2.61611e-05
         2.44739     8.51728e-05     2.28842e-05     8.43188e-05     2.28787e-05     8.42641e-05     2.28834e-05
         2.58456     7.44699e-05     2.00086e-05     7.37234e-05     2.00038e-05     7.36755e-05     2.00078e-05
         2.72943     6.50847e-05     1.74869e-05     6.44323e-05     1.74828e-05     6.43903e-05     1.74863e-05
         2.88242     5.68588e-05     1.52768e-05      5.6289e-05     1.52732e-05     5.62523e-05     1.52763e-05
         3.04398     4.96527e-05     1.33407e-05     4.91552e-05     1.33375e-05      4.9123e-05     1.33402e-05
          3.2146     4.33433e-05     1.16455e-05      4.2909e-05     1.16427e-05     4.28809e-05      1.1645e-05
         3.39478     3.78209e-05     1.01617e-05      3.7442e-05     1.01593e-05     3.74174e-05     1.01613e-05
         3.58506     3.29898e-05      8.8637e-06     3.26594e-05     8.86161e-06     3.26379e-05     8.86337e-06
           3.786     2.87654e-05      7.7287e-06     2.84774e-05     7.72688e-06     2.84586e-05     7.72842e-06
         3.99821      2.5073e-05     6.73662e-06      2.4822e-05     6.73504e-06     2.48055e-05     6.73637e-06
         4.22232     2.18469e-05     5.86982e-06     2.16282e-05     5.86845e-06     2.16138e-05      5.8696e-06
         4.45898     1.90294e-05     5.11282e-06      1.8839e-05     5.11163e-06     1.88264e-05     5.11263e-06
         4.70891     1.65697e-05     4.45196e-06      1.6404e-05     4.45093e-06      1.6393e-05      4.4518e-06
         4.97285     1.44232e-05     3.87523e-06      1.4279e-05     3.87434e-06     1.42694e-05     3.87509e-06
         5.25158     1.25508e-05     3.37215e-06     1.24253e-05     3.37138e-06     1.24169e-05     3.37203e-06
         5.54593      1.0918e-05     2.93346e-06     1.08089e-05     2.93279e-06     1.08016e-05     2.93335e-06
         5.85679     9.49471e-06     2.55105e-06     9.39987e-06     2.55047e-06     9.39346e-06     2.55096e-06
         6.18507     8.25451e-06     2.21783e-06      8.1721e-06     2.21733e-06     8.16649e-06     2.21775e-06
         6.53174     7.17415e-06     1.92756e-06     7.10256e-06     1.92713e-06     7.09765e-06     1.92749e-06
         6.89785     6.23342e-06      1.6748e-06     6.17125e-06     1.67443e-06     6.16695e-06     1.67474e-06
         7.28448      5.4145e-06     1.45477e-06     5.36054e-06     1.45446e-06     5.35677e-06     1.45472e-06
         7.69278     4.70186e-06      1.2633e-06     4.65503e-06     1.26303e-06     4.65174e-06     1.26326e-06
         8.12397     4.08191e-06     1.09674e-06     4.04129e-06      1.0965e-06      4.0384e-06      1.0967e-06
         8.57933     3.54275e-06     9.51874e-07     3.50753e-06     9.51677e-07       3.505e-06     9.51843e-07
          9.0602     3.07401e-06     8.25934e-07     3.04348e-06     8.25766e-07     3.04126e-06     8.25907e-07
         9.56804      2.6666e-06      7.1647e-07     2.64015e-06     7.16328e-07      2.6382e-06     7.16448e-07
         10.1043     2.31261e-06      6.2136e-07      2.2897e-06      6.2124e-07     2.28798e-06     6.21341e-07
         10.6707     2.00512e-06     5.38742e-07     1.98528e-06      5.3864e-07     1.98376e-06     5.38726e-07
         11.2688     1.73809e-06     4.66996e-07     1.72092e-06     4.66911e-07     1.71958e-06     4.66983e-07
         11.9004     1.50626e-06     4.04709e-07     1.49141e-06     4.04638e-07     1.49023e-06     4.04698e-07
         12.5674     1.30505e-06     3.50648e-07     1.29221e-06     3.50589e-07     1.29116e-06     3.50638e-07
         13.2719     1.13046e-06     3.03739e-07     1.11936e-06      3.0369e-07     1.11844e-06     3.03731e-07
         14.0158     9.79008e-07     2.63046e-07     9.69415e-07     2.63006e-07     9.68596e-07     2.63039e-07
         14.8013     8.47658e-07     2.27754e-07     8.39375e-07     2.27723e-07     8.38647e-07     2.27749e-07
          15.631     7.33771e-07     1.97155e-07     7.26622e-07      1.9713e-07     7.25974e-07     1.97151e-07
         16.5071      6.3505e-07      1.7063e-07     6.28883e-07     1.70611e-07     6.28305e-07     1.70627e-07
         17.4323     5.49495e-07     1.47643e-07      5.4418e-07     1.47629e-07     5.43662e-07     1.47641e-07
         18.4094     4.75368e-07     1.27727e-07     4.70789e-07     1.27716e-07     4.70325e-07     1.27725e-07
         19.4413     4.11157e-07     1.10474e-07     4.07215e-07     1.10467e-07     4.06798e-07     1.10473e-07
          20.531     3.55548e-07     9.55333e-08     3.52157e-07     9.55292e-08     3.51782e-07     9.55327e-08
         21.6818       3.074e-07     8.25967e-08     3.04486e-07     8.25951e-08     3.04146e-07     8.25965e-08
         22.8971      2.6572e-07      7.1398e-08     2.63218e-07     7.13984e-08      2.6291e-07     7.13981e-08
         24.1805     2.29648e-07     6.17059e-08     2.27501e-07      6.1708e-08     2.27222e-07     6.17062e-08
         25.5358     1.98435e-07     5.33194e-08     1.96595e-07     5.33229e-08     1.96341e-07       5.332e-08
         26.9671     1.71432e-07     4.60642e-08     1.69858e-07     4.60689e-08     1.69626e-07     4.60649e-08
         28.4786     1.48077e-07     3.97889e-08     1.46731e-07     3.97945e-08     1.46518e-07     3.97898e-08
         30.0749      1.2788e-07     3.43623e-08     1.26731e-07     3.43686e-08     1.26536e-07     3.43633e-08
         31.7606     1.10418e-07     2.96704e-08     1.09439e-07     2.96773e-08      1.0926e-07     2.96715e-08
         33.5408     9.53228e-08     2.56146e-08      9.4491e-08      2.5622e-08     9.43251e-08     2.56158e-08
         35.4208      8.2277e-08     2.21094e-08     8.15714e-08     2.21171e-08     8.14178e-08     2.21106e-08
         37.4061     7.10042e-08     1.90804e-08     7.04071e-08     1.90884e-08     7.02646e-08     1.90817e-08
         39.5028     6.12651e-08     1.64636e-08     6.07613e-08     1.64718e-08     6.06287e-08     1.64649e-08
         41.7169     5.28526e-08     1.42033e-08      5.2429e-08     1.42115e-08     5.23054e-08     1.42046e-08
         44.0552     4.55874e-08     1.22511e-08     4.52325e-08     1.22594e-08      4.5117e-08     1.22524e-08
         46.5245      3.9314e-08     1.05655e-08     3.90181e-08     1.05737e-08       3.891e-08     1.05668e-08
         49.1323     3.38981e-08     9.11023e-09     3.36526e-08     9.11839e-09     3.35512e-08     9.11152e-09
         51.8862     2.92231e-08     7.85407e-09     2.90209e-08     7.86213e-09     2.89255e-08     7.85535e-09
         54.7944     2.51885e-08     6.76996e-09     2.50232e-08      6.7779e-09     2.49334e-08     6.77122e-09
         57.8657     2.17071e-08     5.83449e-09     2.15733e-08     5.84227e-09     2.14887e-08     5.83572e-09
         61.1091     1.87036e-08     5.02741e-09     1.85966e-08     5.03503e-09     1.85166e-08     5.02861e-09
         64.5344     1.61127e-08     4.33122e-09     1.60286e-08     4.33866e-09     1.59529e-08     4.33239e-09
         68.1516     1.38782e-08     3.73077e-09     1.38134e-08     3.73802e-09     1.37418e-08     3.73192e-09
         71.9715     1.19514e-08     3.21299e-09     1.19029e-08     3.22004e-09     1.18351e-08     3.21411e-09
         76.0056     1.02901e-08     2.76657e-09     1.02555e-08     2.77341e-09     1.01911e-08     2.76765e-09
         80.2657     8.85808e-09     2.38173e-09     8.83503e-09     2.38836e-09     8.77388e-09     2.38278e-09
         84.7647      7.6238e-09     2.05004e-09     7.61048e-09     2.05645e-09     7.55236e-09     2.05105e-09
         89.5158     6.56017e-09     1.76419e-09     6.55495e-09      1.7704e-09     6.49967e-09     1.76517e-09
         94.5332     5.64373e-09      1.5179e-09     5.64523e-09     1.52389e-09     5.59262e-09     1.51884e-09
         99.8319     4.85425e-09     1.30572e-09     4.86128e-09      1.3115e-09     4.81119e-09     1.30663e-09
         105.428     4.17426e-09     1.12296e-09     4.18581e-09     1.12852e-09     4.13809e-09     1.12383e-09
         111.337     3.58866e-09     9.65559e-10     3.60387e-09      9.7092e-10     3.55839e-09     9.66405e-10
         117.577     3.08445e-09     8.30031e-10     3.10258e-09     8.35187e-10     3.05922e-09     8.30845e-10
         124.168     2.65039e-09     7.13352e-10      2.6708e-09     7.18307e-10     2.62947e-09     7.14134e-10
         131.127     2.27678e-09     6.12918e-10     2.29895e-09     6.17677e-10     2.25953e-09     6.13669e-10
         138.477     1.95527e-09     5.26483e-10     1.97875e-09      5.3105e-10     1.94115e-09     5.27204e-10
