882.483 160491
970.731 183283
1067.8 214738
1174.58 256715
1292.04 311040
1421.25 379706
1563.37 464881
1719.71 569645
1891.68 697140
2080.85 851218
2288.93 1.03638e+06
2517.83 1.25784e+06
2769.61 1.52161e+06
3046.57 1.83461e+06
3351.23 2.20476e+06
3686.35 2.64116e+06
4054.98 3.15422e+06
4460.48 3.75584e+06
4906.53 4.45968e+06
5397.18 5.28133e+06
5936.9 6.23865e+06
6530.59 7.35211e+06
7183.65 8.64512e+06
7902.02 1.01445e+07
8692.22 1.1881e+07
9561.44 1.38898e+07
10517.6 1.62111e+07
11569.3 1.88913e+07
12726.3 2.19831e+07
13998.9 2.5547e+07
15398.8 2.96523e+07
16938.7 3.43783e+07
18632.5 3.98156e+07
20495.8 4.6068e+07
22545.4 5.32537e+07
24799.9 6.15081e+07
27279.9 7.09859e+07
30007.9 8.18635e+07
33008.7 9.43421e+07
36309.6 1.08651e+08
39940.5 1.25053e+08
43934.6 1.43844e+08
48328 1.65365e+08
53160.8 1.90001e+08
58476.9 2.18191e+08
64324.6 2.50434e+08
70757.1 2.87297e+08
77832.8 3.29423e+08
85616 3.7754e+08
94177.6 4.32476e+08
103595 4.95165e+08
113955 5.66667e+08
125350 6.48179e+08
137885 7.4105e+08
151674 8.46808e+08
166841 9.67173e+08
183526 1.10408e+09
201878 1.25971e+09
222066 1.4365e+09
244273 1.63722e+09
268700 1.86492e+09
295570 2.12307e+09
325127 2.41551e+09
357639 2.74655e+09
393403 3.12097e+09
432744 3.54411e+09
476018 4.02191e+09
523620 4.56092e+09
575982 5.16842e+09
633580 5.85247e+09
696938 6.62192e+09
766632 7.48654e+09
843295 8.45705e+09
