1.0
0.990204081632653
0.9804081632653061
0.9706122448979592
0.9608163265306122
0.9510204081632653
0.9412244897959183
0.9314285714285714
0.9216326530612244
0.9118367346938775
0.9020408163265305
0.8922448979591837
0.8824489795918368
0.8726530612244898
0.8628571428571429
0.8530612244897959
0.843265306122449
0.833469387755102
0.8236734693877551
0.8138775510204082
0.8040816326530612
0.7942857142857143
0.7844897959183673
0.7746938775510204
0.7648979591836734
0.7551020408163265
0.7453061224489796
0.7355102040816327
0.7257142857142858
0.7159183673469388
0.7061224489795919
0.6963265306122449
0.686530612244898
0.676734693877551
0.6669387755102041
0.6571428571428571
0.6473469387755102
0.6375510204081632
0.6277551020408163
0.6179591836734694
0.6081632653061224
0.5983673469387755
0.5885714285714285
0.5787755102040817
0.5689795918367347
0.5591836734693878
0.5493877551020409
0.5395918367346939
0.529795918367347
0.52
0.5102040816326531
0.5004081632653061
0.4906122448979591
0.4808163265306122
0.47102040816326524
0.46122448979591835
0.4514285714285714
0.44163265306122446
0.4318367346938775
0.42204081632653057
0.4122448979591836
0.4024489795918367
0.3926530612244898
0.38285714285714284
0.3730612244897959
0.36326530612244895
0.353469387755102
0.34367346938775506
0.3338775510204081
0.32408163265306117
0.3142857142857142
0.30448979591836733
0.2946938775510204
0.28489795918367344
0.2751020408163265
0.26530612244897955
0.2555102040816326
0.24571428571428572
0.23591836734693877
0.22612244897959183
0.2163265306122449
0.20653061224489797
0.19673469387755102
0.18693877551020407
0.17714285714285713
0.1673469387755102
0.15755102040816327
0.14775510204081632
0.13795918367346938
0.12816326530612246
0.11836734693877551
0.10857142857142857
0.09877551020408162
0.08897959183673469
0.07918367346938776
0.06938775510204082
0.05959183673469388
0.04979591836734694
0.045
0.04