1.0
0.9680089971029713
0.9370414184723003
0.907064523739317
0.878046619932581
0.8499570279705916
0.8227660502264345
0.7964449391300638
0.77096586677503
0.7463018954975198
0.7224269493966006
0.6993157867655627
0.6769439734052076
0.6552878567908755
0.6343245410658909
0.6140318628349956
0.5943883677321733
0.5753732877380932
0.5569665192231912
0.5391486016931741
0.5219006972144788
0.5052045704979291
0.48904256961953774
0.47339760735806874
0.4582531431296303
0.443593165500198
0.429402175257579
0.4156651690249234
0.4023676233984531
0.3894954795926427
0.3770351285766149
0.36497339668603884
0.3532975316953174
0.3419951893353394
0.3310544202425428
0.3204636573254894
0.3102117035355973
0.3002877200290978
0.2906812147077048
0.28138203112587884
0.272380337752959
0.2636666175788105
0.25523165805199705
0.24706654133984216
0.23916263490008044
0.23151158235413097
0.22410529465234424
0.21693594152188164
0.2099959431881855
0.203277962361288
0.19677489647848595
0.19047987019518017
0.18438622811594058
0.1784875277581113
0.17277753274051807
0.16725020619007475
0.1618997043593194
0.15672037044813233
0.15170672862310272
0.14685347822822234
0.14215548818078452
0.13760779154656452
0.13320558028854468
0.12894420018363345
0.1248191459020038
0.12082605624384814
0.11696070952851464
0.11321901913114943
0.1095970291621261
0.10609091028469479
0.10269695566642871
0.09941157706018795
0.09623130101045729
0.09315276518104691
0.0901727148002738
0.0872879992198653
0.0844955685839468
0.08179247060459166
0.07917584744052504
0.0766429326756805
0.07419104839441602
0.0718176023502967
0.06952008522545071
0.06729606797760163
0.06514319927197154
0.06305920299534018
0.06104187584963193
0.05908908502248628
0.05719876593234915
0.05536892004570093
0.05359761276411356
0.05188297137890298
0.05022318309121404
0.04861649309544501
0.04706120272398525
0.04555566765130458
0.044098296155495646
0.04268754743543115
0.041321929981757224
0.0400000000000000