882.483 0.290486 0 0.290486
900.132 0.324631 0.026717 0.251832
918.135 0.33885 0.0363778 0.240479
936.498 0.34915 0.0419602 0.236698
955.228 0.363534 0.0521238 0.224657
974.332 0.374288 0.0581743 0.220544
993.819 0.385231 0.0644319 0.216275
1013.7 0.396324 0.0708926 0.211824
1033.97 0.407541 0.0775521 0.207174
1054.65 0.418841 0.0844045 0.202295
1075.74 0.427394 0.087088 0.206337
1097.26 0.439009 0.094347 0.201126
1119.2 0.450643 0.101791 0.195645
1141.59 0.462268 0.109411 0.189887
1164.42 0.471597 0.112845 0.193541
1187.71 0.483429 0.120873 0.187364
1211.46 0.495202 0.129063 0.180894
1235.69 0.505031 0.13307 0.184194
1260.4 0.516936 0.141664 0.177261
1285.61 0.52876 0.150401 0.170055
1311.32 0.539074 0.155025 0.172946
1337.55 0.550991 0.164159 0.165276
1364.3 0.561607 0.16917 0.167935
1391.59 0.573603 0.178698 0.159808
1419.42 0.584535 0.184118 0.162232
1447.81 0.596614 0.194041 0.153671
1476.76 0.607851 0.199889 0.155836
1506.3 0.619405 0.205921 0.158105
1536.42 0.631736 0.216546 0.148873
1567.15 0.643536 0.223021 0.150828
1598.5 0.655948 0.234035 0.141226
1630.47 0.668057 0.240994 0.142883
1663.07 0.680401 0.248138 0.144583
1696.34 0.693047 0.259864 0.134363
1730.26 0.705724 0.267536 0.135757
1764.87 0.718659 0.275413 0.137201
1800.17 0.731589 0.287867 0.126449
1836.17 0.744843 0.296309 0.127552
1872.89 0.758383 0.30498 0.128715
1910.35 0.772215 0.313886 0.129942
1948.56 0.785571 0.327454 0.118386
1987.53 0.799726 0.336984 0.119238
2027.28 0.814197 0.346775 0.120161
2067.82 0.828958 0.35683 0.121129
2109.18 0.842881 0.371569 0.108948
2151.36 0.85798 0.382311 0.109523
2194.39 0.87341 0.393346 0.110163
2238.28 0.889144 0.404679 0.110844
2283.05 0.905242 0.416324 0.111612
2328.71 0.919925 0.432727 0.098582
2375.28 0.936345 0.445141 0.0989033
2422.79 0.953105 0.457893 0.0992776
2471.24 0.970186 0.470992 0.0996822
2520.67 0.987649 0.48445 0.10017
2571.08 1.00542 0.498272 0.100673
2622.5 1.02125 0.516945 0.0867531
2674.95 1.03939 0.531652 0.0868057
2728.45 1.05787 0.546756 0.086877
2783.02 1.07673 0.562272 0.0870143
2838.68 1.09597 0.57821 0.0871922
2895.45 1.11556 0.594582 0.0874057
2953.36 1.13551 0.611396 0.0876333
3012.43 1.15306 0.633106 0.0730194
3072.68 1.17339 0.650952 0.0727715
3134.13 1.19411 0.669282 0.0725547
3196.81 1.21516 0.688104 0.0723214
3260.75 1.23664 0.707437 0.0721474
3325.97 1.25849 0.727293 0.0719904
3392.48 1.28075 0.747684 0.0718601
3460.33 1.30335 0.768624 0.071704
3529.54 1.32638 0.790131 0.0715974
3600.13 1.34981 0.812217 0.0715015
3672.13 1.37044 0.839288 0.0561956
3745.58 1.39432 0.862662 0.0556246
3820.49 1.41862 0.886663 0.0550716
3896.9 1.44328 0.911304 0.054478
3974.84 1.4684 0.936608 0.0539232
4054.33 1.49393 0.962589 0.0533685
4135.42 1.51988 0.989264 0.0528085
4218.13 1.54625 1.01665 0.0522454
4302.49 1.57305 1.04477 0.0516725
4388.54 1.60028 1.07365 0.051096
4476.31 1.62789 1.10329 0.0504641
4565.84 1.65599 1.13372 0.0498624
4657.15 1.68453 1.16496 0.0492447
4750.3 1.71352 1.19704 0.0486129
4845.3 1.74296 1.22997 0.0479621
4942.21 1.77285 1.26377 0.0472902
5041.05 1.80319 1.29847 0.0465886
5141.88 1.83401 1.3341 0.0458765
5244.71 1.86529 1.37067 0.0451336
5349.61 1.89705 1.40821 0.0443704
5456.6 1.92927 1.44674 0.0435689
5565.73 1.96198 1.4863 0.0427447
5677.05 1.99516 1.5269 0.0418613
5790.59 2.02886 1.56858 0.0409838
5906.4 2.06307 1.61136 0.0400846
6024.53 2.09778 1.65526 0.0391474
6145.02 2.13302 1.70033 0.0381922
6267.92 2.16877 1.74658 0.0371995
6393.28 2.20506 1.79405 0.0361855
6521.14 2.24189 1.84277 0.0351488
6651.56 2.27926 1.89277 0.03408
6784.59 2.31719 1.94409 0.0329977
6920.29 2.35568 1.99675 0.0318859
7058.69 2.39473 2.0508 0.0307493
7199.87 2.43439 2.10626 0.029611
7343.86 2.47461 2.16318 0.0284396
7490.74 2.51545 2.22158 0.0272693
7640.56 2.55689 2.28151 0.0260779
7793.37 2.59895 2.34301 0.0248821
7949.23 2.64165 2.40611 0.0236906
8108.22 2.68498 2.47086 0.0224913
8270.38 2.72898 2.5373 0.0213044
8435.79 2.77363 2.60546 0.0201173
8604.51 2.81896 2.6754 0.0189508
8776.6 2.86498 2.74716 0.017794
8952.13 2.9117 2.82078 0.0166692
9131.17 2.95913 2.89631 0.0155635
9313.79 3.0073 2.97381 0.0145035
9500.07 3.0562 3.05331 0.0134741
9690.07 3.10586 3.13487 0.0125006
9883.87 3.15627 3.21853 0.0115721
10081.6 3.2075 3.30437 0.0107219
10283.2 3.26229 3.38823 0.024395
10488.8 3.31444 3.47873 0.0226937
10698.6 3.36739 3.57158 0.0210096
10912.6 3.42115 3.66683 0.0193754
11130.8 3.47571 3.76453 0.0177531
11353.5 3.5311 3.86476 0.0161782
11580.5 3.58736 3.96757 0.0146653
11812.1 3.64446 4.07302 0.0131993
12048.4 3.70244 4.18119 0.0117941
12289.4 3.76134 4.29215 0.0104814
12535.1 3.82113 4.40595 0.0092367
12785.8 3.88189 4.52267 0.00811945
13041.6 3.94356 4.6424 0.00706568
13302.4 4.00619 4.76519 0.0061152
13568.4 4.06982 4.89112 0.00530743
13839.8 4.13687 5.01606 0.018777
14116.6 4.20159 5.14883 0.0167518
14398.9 4.2673 5.28501 0.014804
14686.9 4.33405 5.42467 0.0129698
14980.7 4.4018 5.5679 0.0112149
15280.3 4.47063 5.71479 0.00957411
15585.9 4.54054 5.86543 0.00807338
15897.6 4.61208 6.01992 0.00724712
16215.5 4.68466 6.17835 0.00647408
16539.9 4.75817 6.3408 0.00566496
16870.7 4.83263 6.5074 0.00481828
17208.1 4.90805 6.67823 0.00393384
17552.2 4.98537 6.84907 0.0158948
17903.3 5.06223 7.02914 0.0136638
18261.3 5.14026 7.21378 0.0115475
18626.6 5.21955 7.40312 0.00961091
18999.1 5.30091 7.59727 0.00866912
19379.1 5.38337 7.79633 0.00774723
19766.7 5.4669 8.00045 0.00678328
20162 5.55149 8.20974 0.00577485
20565.2 5.63714 8.42432 0.00471869
20976.5 5.72388 8.64435 0.00361383
21396.1 5.8117 8.86994 0.00246046
21824 5.90071 9.09687 0.0133049
22260.5 5.99064 9.33458 0.0109581
22705.7 6.0831 9.57831 0.00991371
23159.8 6.17671 9.82816 0.00882206
23623 6.27151 10.0843 0.00768194
24095.4 6.36751 10.347 0.00649021
24577.4 6.4647 10.6162 0.00524329
25068.9 6.5631 10.8922 0.00394036
25570.3 6.66271 11.1752 0.00257587
26081.7 6.76355 11.4653 0.0011481
26603.3 6.86594 11.7627 0
27135.4 6.97081 12.0639 0.010919
27678.1 7.07699 12.3772 0.00962864
28231.7 7.18448 12.6983 0.00828308
28796.3 7.29332 13.0275 0.00688
29372.2 7.40349 13.365 0.00541489
29959.7 7.51501 13.7109 0.00388405
30558.8 7.62789 14.0655 0.00228414
31170 7.74214 14.429 0.000610359
31793.4 7.85888 14.8016 0
32429.3 7.9777 15.1793 0.0116262
33077.9 8.09801 15.5717 0.010104
33739.4 8.21978 15.9739 0.00851943
34414.2 8.34304 16.3861 0.0068701
35102.5 8.46782 16.8086 0.00515225
35804.6 8.59409 17.2416 0.00336136
36520.7 8.72187 17.6855 0.00148996
37251.1 8.85166 18.1405 0
37996.1 8.98455 18.6068 0
38756 9.11906 19.0847 0
39531.1 9.25523 19.5712 0.0101828
40321.8 9.39305 20.0743 0.00832192
41128.2 9.53253 20.5899 0.0063888
41950.7 9.6737 21.1183 0.00438044
42789.8 9.81655 21.6599 0.00228982
43645.6 9.96109 22.2149 0.000108868
44518.5 10.1095 22.7838 0
45408.8 10.2598 23.3668 0
46317 10.412 23.9599 0.0119057
47243.4 10.566 24.5734 0.00979893
48188.2 10.7218 25.2021 0.00761943
49152 10.8795 25.8464 0.00536053
50135 11.0391 26.5066 0.0030193
51137.7 11.2005 27.1832 0.000586796
52160.5 11.3658 27.8766 0
53203.7 11.5337 28.5871 0
54267.8 11.7036 29.3152 0
55353.1 11.8755 30.0573 0.0113496
56460.2 12.0495 30.8233 0.0088838
57589.4 12.2256 31.6082 0.00633954
58741.2 12.4037 32.4124 0.00371167
59916 12.584 33.2365 0.000991283
61114.3 12.7681 34.0809 0
62336.6 12.9555 34.9462 0
63583.3 13.1451 35.8328 0
64855 13.337 36.7413 0
66152.1 13.5311 37.6688 0.0102464
67475.1 13.7275 38.6242 0.00737131
68824.7 13.9263 39.603 0.00441472
70201.1 14.1273 40.606 0.00136658
71605.2 14.3325 41.6335 0
73037.3 14.5415 42.6864 0
74498 14.753 43.7651 0
75988 14.9669 44.8703 0
77507.7 15.1834 45.9984 0.0117927
79057.9 15.4024 47.1605 0.00853721
80639 15.624 48.351 0.00519981
82251.8 15.8482 49.5705 0.00177488
83896.9 16.0766 50.8199 0
85574.8 16.3096 52.1 0
87286.3 16.5453 53.4113 0
89032 16.7838 54.7548 0
90812.7 17.025 56.1313 0
92628.9 17.2691 57.538 0.0099495
94481.5 17.516 58.9847 0.00617205
96371.1 17.7657 60.4666 0.00231146
98298.5 18.0199 61.9844 0
100265 18.2795 63.5394 0
102270 18.5421 65.1324 0
104315 18.8076 66.764 0
106402 19.0763 68.4357 0
108530 19.3481 70.1436 0.0117845
110700 19.623 71.9 0.00748528
112914 19.9011 73.6992 0.00311054
115172 20.1836 75.5417 0
117476 20.4726 77.4291 0
119825 20.7649 79.3624 0
122222 21.0605 81.3425 0
124666 21.3596 83.3708 0
127160 21.662 85.4485 0
129703 21.9679 87.5733 0.00936538
132297 22.2773 89.7558 0.00438134
134943 22.5908 91.9907 0
137642 22.9124 94.2796 0
140395 23.2376 96.624 0
143202 23.5664 99.0246 0
146066 23.899 101.484 0
148988 24.2354 104.002 0
151968 24.5755 106.582 0
155007 24.9196 109.222 0.00643087
158107 25.2674 111.93 0.000651832
161269 25.6243 114.704 0
164495 25.986 117.544 0
167784 26.3515 120.452 0
171140 26.7212 123.431 0
174563 27.095 126.481 0
178054 27.473 129.605 0
181615 27.8553 132.801 0.00973418
185248 28.2415 136.08 0.0030496
188953 28.636 139.438 0
192732 29.0377 142.876 0
196586 29.444 146.396 0
200518 29.8547 150.001 0
204528 30.2697 153.691 0
208619 30.6896 157.471 0
212791 31.1138 161.34 0
217047 31.5428 165.301 0.00721518
221388 31.9771 169.363 0
225816 32.4233 173.52 0
230332 32.8744 177.777 0
234939 33.3301 182.134 0
239638 33.7911 186.597 0
244430 34.2567 191.164 0
249319 34.7275 195.841 0
254305 35.2033 200.63 0
259391 35.6841 205.532 0.00497042
264579 36.1746 210.556 0
269871 36.6751 215.697 0
275268 37.181 220.962 0
280774 37.692 226.35 0
286389 38.2085 231.866 0
292117 38.7304 237.512 0
297959 39.2578 243.293 0
303918 39.7907 249.211 0
309997 40.3291 255.268 0.00366311
316197 40.8808 261.475 0
322521 41.4417 267.826 0
328971 42.0085 274.328 0
335550 42.5808 280.981 0
342261 43.1592 287.793 0
349107 43.7432 294.762 0
356089 44.3334 301.898 0
363211 44.9295 309.201 0
370475 45.5318 316.677 0.00449414
377884 46.1493 324.335 0
385442 46.7772 332.17 0
393151 47.4115 340.189 0
401014 48.0519 348.394 0
409034 48.6988 356.792 0
417215 49.3518 365.385 0
425559 50.0115 374.181 0
434070 50.6775 383.181 0
442752 51.3503 392.391 0.00965931
451607 52.0366 401.827 0
460639 52.7392 411.482 0
469852 53.4485 421.359 0
479249 54.1644 431.465 0
488834 54.8872 441.805 0
498610 55.6167 452.385 0
508582 56.3532 463.21 0
518754 57.0966 474.287 0
529129 57.8471 485.624 0
539712 58.6047 497.226 0.00225377
550506 59.3881 509.105 0
561516 60.1808 521.256 0
572746 60.9806 533.685 0
584201 61.7877 546.4 0
595885 62.6019 559.406 0
607803 63.4236 572.713 0
619959 64.2525 586.326 0
632358 65.0888 600.253 0
645006 65.9329 614.506 0
657906 66.7855 629.09 0
671064 67.6715 644.021 0
684485 68.5646 659.288 0
698175 69.4656 674.903 0
712138 70.3742 690.873 0
726381 71.29 707.203 0
740909 72.2142 723.912 0
755727 73.1457 740.998 0
770841 74.0853 758.479 0
786258 75.0328 776.363 0
801983 75.9882 794.658 0.00601888
818023 76.9806 813.395 0
834383 77.9864 832.546 0
851071 79.0003 852.131 0
868092 80.0222 872.156 0
885454 81.0518 892.628 0
903163 82.0899 913.569 0
921227 83.1358 934.981 0
939651 84.1897 956.878 0
958444 85.2524 979.282 0
977613 86.3228 1002.19 0
997165 87.4105 1025.65 0
1.01711e+06 88.5438 1049.65 0
1.03745e+06 89.6849 1074.17 0
1.0582e+06 90.8339 1099.24 0
1.07936e+06 91.9917 1124.87 0
1.10095e+06 93.1574 1151.08 0
1.12297e+06 94.3309 1177.86 0
1.14543e+06 95.5132 1205.26 0
1.16834e+06 96.7039 1233.27 0
1.1917e+06 97.9023 1261.91 0
1.21554e+06 99.1097 1291.21 0
1.23985e+06 100.331 1321.2 0
1.26465e+06 101.617 1351.89 0
1.28994e+06 102.911 1383.25 0
1.31574e+06 104.214 1415.3 0
1.34205e+06 105.525 1448.05 0
1.36889e+06 106.844 1481.53 0
1.39627e+06 108.171 1515.75 0
1.4242e+06 109.506 1550.73 0
1.45268e+06 110.849 1586.49 0
1.48174e+06 112.201 1623.06 0
1.51137e+06 113.561 1660.46 0
1.5416e+06 114.929 1698.72 0
1.57243e+06 116.344 1737.9 0
1.60388e+06 117.814 1777.96 0
1.63596e+06 119.294 1818.89 0
1.66867e+06 120.78 1860.7 0
1.70205e+06 122.275 1903.42 0
1.73609e+06 123.777 1947.08 0
1.77081e+06 125.287 1991.7 0
1.80623e+06 126.805 2037.32 0
1.84235e+06 128.331 2083.94 0
1.8792e+06 129.864 2131.61 0
1.91678e+06 131.405 2180.36 0
1.95512e+06 132.953 2230.23 0
1.99422e+06 134.533 2281.32 0
2.03411e+06 136.22 2333.59 0
2.07479e+06 137.915 2386.99 0
2.11628e+06 139.617 2441.52 0
2.15861e+06 141.326 2497.23 0
2.20178e+06 143.042 2554.14 0
2.24582e+06 144.764 2612.29 0
2.29073e+06 146.494 2671.72 0
2.33655e+06 148.231 2732.47 0
2.38328e+06 149.974 2794.57 0
2.43094e+06 151.723 2858.08 0
2.47956e+06 153.479 2923.04 0
2.52915e+06 155.242 2989.52 0
2.57974e+06 157.047 3057.66 0
2.63133e+06 159.005 3127.42 0
2.68396e+06 160.97 3198.65 0
2.73764e+06 162.941 3271.39 0
2.79239e+06 164.918 3345.69 0
2.84824e+06 166.9 3421.58 0
2.9052e+06 168.887 3499.12 0
2.96331e+06 170.88 3578.35 0
3.02257e+06 172.876 3659.33 0
3.08302e+06 174.878 3742.12 0
3.14469e+06 176.883 3826.79 0
3.20758e+06 178.893 3913.4 0
3.27173e+06 180.907 4002.05 0
3.33717e+06 182.925 4092.86 0
3.40391e+06 185.046 4186.13 0
3.47199e+06 187.359 4281.6 0
3.54143e+06 189.678 4379.07 0
3.61225e+06 192 4478.58 0
3.6845e+06 194.326 4580.2 0
3.75819e+06 196.654 4683.99 0
3.83335e+06 198.984 4790.03 0
3.91002e+06 201.317 4898.4 0
3.98822e+06 203.65 5009.17 0
4.06799e+06 205.984 5122.44 0
4.14935e+06 208.318 5238.3 0
4.23233e+06 210.651 5356.87 0
4.31698e+06 212.984 5478.28 0
4.40332e+06 215.316 5602.71 0
4.49138e+06 217.647 5730.42 0
4.58121e+06 220.175 5862.08 0
4.67284e+06 223.001 5996.95 0
4.76629e+06 225.829 6134.6 0
4.86162e+06 228.659 6275.11 0
4.95885e+06 231.487 6418.54 0
5.05803e+06 234.315 6565.02 0
5.15919e+06 237.139 6714.64 0
5.26237e+06 239.958 6867.52 0
5.36762e+06 242.773 7023.81 0
5.47497e+06 245.578 7183.61 0
5.58447e+06 248.376 7347.15 0
5.69616e+06 251.165 7514.6 0
5.81009e+06 253.943 7686.18 0
5.92629e+06 256.708 7862.17 0
6.04481e+06 259.458 8042.86 0
6.16571e+06 262.196 8228.88 0
6.28902e+06 264.919 8421.17 0
6.4148e+06 268.448 8621.25 0
6.5431e+06 272.172 8825.54 0
6.67396e+06 275.903 9033.96 0
6.80744e+06 279.641 9246.61 0
6.94359e+06 283.379 9463.52 0
7.08246e+06 287.115 9684.81 0
7.22411e+06 290.848 9910.69 0
7.36859e+06 294.576 10141.3 0
7.51596e+06 298.292 10376.7 0
7.66628e+06 301.994 10617.2 0
7.81961e+06 305.681 10863.1 0
7.976e+06 309.345 11114.5 0
8.13552e+06 312.985 11371.7 0
8.29823e+06 316.598 11635.2 0
8.4642e+06 320.175 11905.3 0
8.63348e+06 323.715 12182.5 0
8.80615e+06 327.214 12467.6 0
